Model3	ModelY	ModelS	ModelX	Leaf	Zoe	i3	IX3	Polestar2	Niro	SOUL	Ioniq	Kona	Etron	ID3	ID4	UP!	Golf	TAYCAN	ENYAQ	EQ	XC40	Peugeot2008	UX	BZ4X	Mach-E	total
0	0	96	55	115	180	244	0	0	0	177	29	0	0	0	0	93	21	0	0	0	0	0	0	0	0	1323
0	0	163	39	117	431	168	0	0	0	282	12	0	0	0	0	102	29	0	0	0	0	0	0	0	0	1546
0	0	457	213	145	587	263	0	0	0	97	27	0	0	0	0	127	45	0	0	0	0	0	0	0	0	2191
0	0	124	73	35	280	222	0	0	0	223	73	0	0	0	0	69	128	0	0	0	0	0	0	0	0	1408
0	0	206	116	68	271	201	0	0	0	108	130	0	0	0	0	96	132	0	0	0	0	0	0	0	0	1520
0	0	217	136	41	680	219	0	0	0	104	63	0	0	0	0	81	177	0	0	0	0	0	0	0	0	2196
0	0	102	78	44	413	205	0	0	0	365	93	0	0	0	0	90	113	0	0	0	0	0	0	0	0	1820
0	0	120	78	63	423	173	0	0	0	372	43	0	0	0	0	64	475	0	0	0	0	0	0	0	0	2177
0	0	226	120	51	278	226	0	0	0	252	47	0	0	0	0	81	494	0	0	0	0	0	0	0	0	2247
0	0	112	49	57	243	221	0	0	0	380	47	0	0	0	0	53	389	0	0	0	0	0	0	0	0	2180
0	0	205	56	54	235	276	0	0	0	277	225	0	0	0	0	114	601	0	0	0	0	0	0	0	0	3031
0	0	213	77	51	301	373	0	0	0	296	92	0	0	0	0	108	422	0	0	0	0	0	0	0	0	3412
0	0	45	17	11	299	210	0	0	0	450	189	0	0	0	0	73	450	0	0	0	0	0	0	0	0	2764
0	0	124	51	0	475	199	0	0	0	101	109	0	0	0	0	73	465	0	0	0	0	0	0	0	0	2546
0	0	304	124	346	523	322	0	0	0	396	61	0	0	0	0	131	534	0	0	0	0	0	0	0	0	3792
0	0	71	35	279	422	395	0	0	0	721	96	0	0	0	0	95	456	0	0	0	0	0	0	0	0	3171
0	0	112	88	129	507	226	0	0	3	231	98	0	0	0	0	76	366	0	0	0	0	0	0	0	0	2310
0	0	200	80	127	465	399	0	0	2	125	126	0	0	0	0	62	290	0	0	0	0	0	0	0	0	2651
0	0	51	44	159	320	314	0	0	0	423	105	0	0	0	0	46	311	0	0	0	0	0	0	0	0	2526
0	0	47	35	177	421	282	0	0	0	339	138	0	0	0	0	105	268	0	0	0	0	0	0	0	0	2457
0	0	104	81	275	328	282	0	0	3	120	110	91	0	0	0	80	432	0	0	0	0	0	0	0	0	2357
0	0	46	15	306	609	306	0	0	0	53	257	78	0	0	0	66	784	0	0	0	0	0	0	0	0	3390
0	0	81	40	366	1047	360	0	0	0	182	227	95	0	0	0	126	858	0	0	0	0	0	0	0	0	4262
0	0	63	42	205	944	497	0	0	22	151	179	104	0	0	0	86	529	0	0	0	0	0	0	0	0	3836
0	0	91	44	288	799	645	0	0	103	302	203	291	407	0	0	69	746	0	0	0	0	0	0	0	0	4648
959	0	87	46	302	782	628	0	0	52	149	142	400	155	0	0	65	281	0	0	0	0	0	0	0	0	4637
2224	0	82	61	227	1136	708	0	0	87	33	131	284	478	0	0	59	219	0	0	0	0	0	0	0	0	6616
514	0	40	21	165	939	734	0	0	39	60	137	296	174	0	0	68	489	0	0	37	0	0	0	0	0	4768
317	0	68	48	96	875	861	0	0	11	158	152	226	322	0	0	55	310	0	0	93	0	0	0	0	0	4630
1336	0	171	98	158	1020	702	0	7	10	76	102	275	246	0	0	25	635	0	0	47	0	0	0	0	0	5760
454	0	75	78	249	910	961	0	0	22	90	180	380	530	0	0	12	1007	0	0	74	0	0	0	0	0	5963
356	0	98	60	228	777	987	0	0	8	196	152	441	366	0	0	5	380	0	0	80	0	0	0	0	0	5001
1516	0	78	84	308	634	863	0	0	21	133	112	221	319	0	0	8	419	0	0	73	0	0	0	0	0	5880
221	0	34	38	275	458	858	0	0	8	192	105	263	207	0	0	32	723	0	0	41	0	0	0	0	0	4979
188	0	43	49	190	321	545	0	0	51	95	76	170	192	0	0	25	925	0	0	57	0	0	0	0	0	4651
926	0	114	89	134	780	625	0	0	38	107	35	274	182	0	0	42	764	31	0	46	0	0	0	0	0	5748
257	0	70	40	182	1798	551	0	0	32	149	191	358	572	0	0	463	1120	167	0	75	0	0	0	0	0	7492
610	0	34	41	283	1352	480	0	0	67	229	151	361	591	0	0	679	1475	195	0	109	0	0	0	0	0	8154
2034	0	129	100	255	945	551	0	0	85	99	134	278	721	0	0	662	1524	164	0	93	0	0	0	0	0	10329
519	0	72	44	71	627	290	0	0	79	62	55	250	246	0	0	319	738	123	0	23	0	0	0	0	0	4635
244	0	34	34	96	896	227	0	0	219	58	80	371	583	0	0	330	1153	185	0	44	0	0	0	0	0	5578
703	0	66	72	49	1448	427	0	5	173	199	71	381	520	0	0	590	1310	246	0	136	0	0	0	0	0	8119
154	0	22	27	259	2851	812	0	0	613	487	426	1688	656	104	0	1344	2633	346	0	295	0	0	0	0	0	16798
2824	0	11	10	322	2210	606	0	239	545	292	313	1397	679	388	0	691	1382	216	0	239	0	65	0	0	0	16076
2776	0	148	141	346	3603	967	18	147	610	258	177	1526	884	1771	0	909	1210	171	0	349	0	88	0	0	0	21188
171	0	37	44	263	5010	1179	17	174	421	142	128	1932	1202	2647	72	990	1300	373	0	421	0	186	0	0	0	23158
1617	0	32	31	508	4287	1299	26	112	328	125	86	2471	871	2439	22	1666	1941	565	0	505	0	411	12	0	0	28965
3293	0	122	130	963	5349	1240	10	338	371	264	103	2995	610	7144	2306	2196	1652	452	0	866	109	447	8	0	181	43671
422	0	10	21	193	1166	831	67	135	350	140	104	1170	592	1799	325	1446	968	278	0	466	86	207	0	0	0	16307
1910	0	1	7	235	1424	849	35	103	348	212	132	1315	826	1892	248	2215	381	270	0	197	45	280	0	0	0	18273
3699	0	2	2	529	1692	1161	85	207	474	199	204	3237	708	2260	872	3599	123	409	6	447	77	328	9	0	0	30092
482	0	1	1	414	1268	964	123	154	575	210	219	1574	780	2264	1446	2604	41	339	845	477	66	419	1	0	12	23810
2744	0	0	0	396	1521	979	261	179	568	179	190	897	657	2252	1277	2819	15	387	1646	221	99	277	4	0	190	26784
4462	0	0	4	231	2251	912	384	149	537	131	514	1766	574	2448	1710	2788	11	299	1623	168	122	324	3	0	231	33420
489	0	0	0	127	1320	716	309	183	458	217	831	1267	538	2180	1036	2556	5	362	1198	438	95	382	7	0	440	25461
2946	864	0	0	343	1578	612	386	171	462	358	783	1205	643	3750	1278	2411	9	263	1326	367	64	312	2	0	411	28857
6828	1073	1	0	415	1536	969	405	308	700	314	1010	1289	779	2694	1019	1452	17	570	2027	186	90	241	4	0	352	33653
1359	110	0	0	422	2209	1417	276	325	608	274	1052	968	633	2145	1022	1087	7	551	1790	269	100	380	5	0	209	30554
3825	1787	0	0	619	4200	902	296	233	523	179	1456	1381	805	1517	1151	2477	5	508	1417	333	124	357	6	0	395	40266
6096	566	0	0	1127	4571	1866	356	467	325	123	1146	1171	1156	1492	1350	5343	5	827	1148	256	102	594	69	0	424	48432