Model3	ModelY	ModelS	ModelX	Leaf	Zoe	i3	IX3	Polestar2	Niro	SOUL	Ioniq	Kona	Etron	ID3	ID4	UP!	Golf	TAYCAN	ENYAQ	EQ	XC40	Peugeot2008	UX	BZ4X	Mach-E	total
0	0	0	3	12	53	13	0	0	0	6	0	0	0	0	0	3	5	0	0	0	0	0	0	0	0	130
0	0	14	9	35	67	21	0	0	0	5	1	0	0	0	0	7	1	0	0	0	0	0	0	0	0	254
0	0	33	5	89	89	43	0	0	0	9	6	0	0	0	0	1	0	0	0	0	0	0	0	0	0	370
0	0	11	5	26	30	52	0	0	0	11	3	0	0	0	0	1	7	0	0	0	0	0	0	0	0	201
0	0	13	13	48	33	56	0	0	0	9	4	0	0	0	0	2	11	0	0	0	0	0	0	0	0	282
0	0	27	29	68	67	34	0	0	0	9	6	0	0	0	0	0	14	0	0	0	0	0	0	0	0	386
0	0	27	11	47	19	29	0	0	0	4	22	0	0	0	0	0	29	0	0	0	0	0	0	0	0	298
0	0	3	13	71	59	31	0	0	0	10	42	0	0	0	0	1	5	0	0	0	0	0	0	0	0	386
0	0	23	28	61	66	110	0	0	0	10	14	0	0	0	0	2	44	0	0	0	0	0	0	0	0	605
0	0	18	15	37	561	39	0	0	0	6	13	0	0	0	0	2	52	0	0	0	0	0	0	0	0	1026
0	0	17	15	15	127	47	0	0	0	0	7	0	0	0	0	0	3	0	0	0	0	0	0	0	0	345
0	0	39	17	21	182	23	0	0	0	18	11	0	0	0	0	2	11	0	0	0	0	0	0	0	0	532
0	0	4	2	37	104	22	0	0	0	10	22	0	0	0	0	1	28	0	0	0	0	0	0	0	0	490
0	0	13	7	44	112	55	0	0	0	12	15	0	0	0	0	0	16	0	0	0	0	0	0	0	0	453
0	0	30	32	91	150	27	0	0	0	6	11	0	0	0	0	0	20	0	0	0	0	0	0	0	0	586
0	0	16	15	148	96	35	0	0	0	6	13	0	0	0	0	2	19	0	0	0	0	0	0	0	0	574
0	0	7	15	48	75	45	0	0	0	11	10	0	0	0	0	0	5	0	0	0	0	0	0	0	0	380
0	0	25	18	64	69	43	0	0	0	11	13	0	0	0	0	1	9	0	0	0	0	0	0	0	0	443
0	0	8	6	85	106	32	0	0	0	10	11	0	0	0	0	0	53	0	0	0	0	0	0	0	0	460
0	0	5	9	61	38	57	0	0	0	6	25	2	0	0	0	1	24	0	0	0	0	0	0	0	0	359
0	0	16	21	138	36	93	0	0	0	4	15	38	0	0	0	0	11	0	0	0	0	0	0	0	0	605
0	0	13	7	149	115	36	0	0	0	21	23	34	0	0	0	0	29	0	0	0	0	0	0	0	0	718
0	0	10	11	182	241	43	0	0	0	5	26	28	0	0	0	0	24	0	0	0	0	0	0	0	0	833
0	0	16	17	214	295	45	0	0	0	5	21	122	0	0	0	0	41	0	0	0	0	0	0	0	0	1668
1	0	7	7	151	56	67	0	0	0	3	18	127	0	0	0	0	32	0	0	0	0	0	0	0	0	645
200	0	7	5	134	84	54	0	0	33	1	8	93	9	0	0	1	48	0	0	0	0	0	0	0	0	878
396	0	7	11	276	56	118	0	0	32	4	7	86	62	0	0	1	105	0	0	0	0	0	0	0	0	1322
51	0	14	11	127	82	70	0	0	30	5	19	79	14	0	0	3	32	0	0	0	0	0	0	0	0	648
122	0	14	16	206	115	65	0	0	33	2	16	85	6	0	0	2	38	0	0	0	0	0	0	0	0	995
281	0	39	32	129	158	101	0	0	41	8	17	124	22	0	0	2	60	0	0	17	0	0	0	0	0	1187
87	0	20	20	75	123	68	0	0	46	15	22	91	13	0	0	2	61	0	0	3	0	0	0	0	0	763
63	0	17	19	37	70	51	0	0	37	1	9	48	7	0	0	2	56	0	0	7	0	0	0	0	0	492
228	0	14	19	105	52	48	0	0	47	10	11	39	7	0	0	2	131	0	0	5	0	0	0	0	0	803
26	0	6	8	82	151	75	0	0	45	6	28	90	12	0	0	2	160	0	0	4	0	0	0	0	0	831
69	0	7	11	88	66	118	0	0	3	2	7	77	9	0	0	8	83	0	0	6	0	0	0	0	0	810
164	0	23	29	87	37	74	0	0	1	0	14	65	4	0	0	2	136	0	0	5	0	0	0	0	0	1007
18	0	5	9	141	397	66	0	0	68	23	24	116	56	0	0	17	45	0	0	10	0	0	0	0	0	1644
111	0	5	7	92	317	55	0	0	42	19	11	34	51	0	0	77	81	16	0	24	0	20	0	0	0	1611
222	0	21	17	77	95	11	0	0	14	4	6	41	5	0	0	10	15	15	0	19	0	5	0	0	0	750
20	0	3	3	2	6	2	0	0	0	0	0	0	1	0	0	0	0	4	0	3	0	0	0	0	0	87
36	0	5	9	34	45	21	0	0	8	2	3	6	0	0	0	15	22	14	0	5	0	50	0	0	0	378
31	0	15	17	29	118	42	0	0	37	11	5	43	8	0	0	26	52	22	0	9	0	71	0	0	0	789
3	0	1	5	50	163	41	0	0	124	18	40	110	18	0	0	74	72	16	0	19	0	117	0	0	0	1638
152	0	5	1	33	161	21	0	0	68	12	36	126	11	0	0	49	49	17	0	6	0	40	0	0	0	1209
253	0	20	37	118	251	46	0	0	115	22	25	190	11	165	0	77	91	19	0	24	0	64	0	0	0	2066
23	0	6	9	81	254	24	0	0	80	12	8	272	18	133	0	48	70	23	0	12	0	138	0	0	0	1856
43	0	8	4	84	196	33	0	0	106	15	16	277	9	132	0	59	92	27	0	81	0	89	0	0	0	1918
290	0	13	23	139	428	38	0	0	97	26	34	578	93	587	0	33	119	26	0	25	0	54	0	0	0	4375
39	0	3	5	34	14	9	0	0	50	10	7	34	2	12	0	16	0	28	0	3	0	47	0	0	0	569
162	0	1	1	79	42	14	3	0	81	11	4	38	6	41	2	21	1	16	0	2	0	65	15	0	0	1077
296	0	0	2	63	312	34	19	0	116	12	8	69	19	49	161	9	0	27	0	10	0	72	7	0	0	2206
23	0	0	1	40	59	29	12	0	112	4	6	49	4	50	108	18	22	18	20	9	0	84	5	0	0	1628
218	0	0	0	28	118	34	6	0	85	8	8	81	3	59	102	19	37	38	60	14	0	92	13	0	4	1955
583	0	0	0	125	128	28	17	0	135	9	28	88	8	92	100	18	7	18	49	2	1	76	3	0	62	2799
1	0	0	0	33	94	45	14	0	162	14	29	96	9	88	99	8	0	31	35	10	39	48	4	0	65	1906
115	80	2	0	27	52	25	7	0	126	25	23	77	6	81	63	2	1	13	41	8	6	28	1	0	73	1445
720	96	1	0	45	64	27	18	0	195	19	77	75	4	98	49	1	2	24	48	7	18	84	4	0	43	3067
17	3	2	1	40	58	31	20	0	242	9	118	99	24	103	86	3	0	27	88	11	26	77	11	0	11	2550
239	102	0	1	67	150	23	7	0	209	2	73	92	8	104	95	1	4	38	86	9	18	65	11	0	37	3027
434	52	0	0	92	300	42	10	0	204	5	81	136	10	133	130	0	3	36	105	7	12	77	12	0	58	4053