Model3	ModelY	ModelS	ModelX	Leaf	Zoe	i3	IX3	Polestar2	Niro	SOUL	Ioniq	Kona	Etron	ID3	ID4	UP!	Golf	TAYCAN	ENYAQ	EQ	XC40	Peugeot2008	UX	BZ4X	Mach-E	total
0	0	19	7	5	0	1	0	0	0	0	13	0	0	0	0	0	0	0	0	0	0	0	0	0	0	46
0	0	10	6	4	0	1	0	0	0	0	3	0	0	0	0	1	0	0	0	0	0	0	0	0	0	27
0	0	13	13	21	5	2	0	0	0	0	0	0	0	0	0	1	0	0	0	0	0	0	0	0	0	56
0	0	3	6	15	6	3	0	0	0	0	3	0	0	0	0	0	3	0	0	0	0	0	0	0	0	39
0	0	11	7	2	10	10	0	0	0	0	5	0	0	0	0	0	1	0	0	0	0	0	0	0	0	47
0	0	19	18	5	5	0	0	0	0	5	2	0	0	0	0	1	2	0	0	0	0	0	0	0	0	57
0	0	10	6	2	4	0	0	0	0	1	8	0	0	0	0	1	0	0	0	0	0	0	0	0	0	34
0	0	5	2	7	11	0	0	0	0	0	5	0	0	0	0	0	5	0	0	0	0	0	0	0	0	36
0	0	16	13	2	0	0	0	0	0	1	11	0	0	0	0	0	2	0	0	0	0	0	0	0	0	49
0	0	5	4	0	0	0	0	0	0	3	2	0	0	0	0	1	3	0	0	0	0	0	0	0	0	18
0	0	14	7	2	9	5	0	0	0	0	2	0	0	0	0	0	2	0	0	0	0	0	0	0	0	41
0	0	24	9	1	10	2	0	0	0	1	1	0	0	0	0	0	3	0	0	0	0	0	0	0	0	52
0	0	16	1	2	2	1	0	0	0	1	1	0	0	0	0	0	8	0	0	0	0	0	0	0	0	32
0	0	2	2	23	1	0	0	0	0	0	1	0	0	0	0	0	8	0	0	0	0	0	0	0	0	37
0	0	29	7	43	0	3	0	0	0	2	7	0	0	0	0	0	11	0	0	0	0	0	0	0	0	102
0	0	5	3	40	4	1	0	0	0	0	9	0	0	0	0	0	4	0	0	0	0	0	0	0	0	66
0	0	9	3	6	5	0	0	0	0	0	13	0	0	0	0	0	7	0	0	0	0	0	0	0	0	43
0	0	17	6	14	11	1	0	0	0	1	4	0	0	0	0	0	11	0	0	0	0	0	0	0	0	68
0	0	9	3	10	7	2	0	0	0	0	0	0	0	0	0	0	4	0	0	0	0	0	0	0	0	38
0	0	1	3	20	4	6	0	0	0	1	16	0	0	0	0	0	13	0	0	0	0	0	0	0	0	68
0	0	8	8	27	2	4	0	0	0	3	10	0	0	0	0	1	18	0	0	0	0	0	0	0	0	83
0	0	4	0	14	6	1	0	0	0	2	12	7	0	0	0	0	11	0	0	0	0	0	0	0	0	58
0	0	6	6	30	4	16	0	0	0	2	8	8	0	0	0	0	9	0	0	0	0	0	0	0	0	92
0	0	12	12	14	9	1	0	0	0	0	7	2	0	0	0	0	24	0	0	0	0	0	0	0	0	85
0	0	15	1	31	4	12	0	0	0	2	15	8	0	0	0	0	0	0	0	0	0	0	0	0	0	107
37	0	1	2	24	4	1	0	0	0	1	14	12	14	0	0	0	3	0	0	0	0	0	0	0	0	127
146	0	4	3	20	2	4	0	0	6	1	16	12	9	0	0	1	7	0	0	0	0	0	0	0	0	239
91	0	4	2	42	2	8	0	0	0	0	10	1	10	0	0	1	2	0	0	0	0	0	0	0	0	190
23	0	11	8	13	1	3	0	0	0	0	3	2	13	0	0	0	3	0	0	0	0	0	0	0	0	93
105	0	35	31	19	1	1	0	0	0	0	8	7	24	0	0	0	4	0	0	1	0	0	0	0	0	239
56	0	4	8	21	0	0	0	0	0	0	7	18	36	0	0	2	2	0	0	3	0	0	0	0	0	168
28	0	18	7	43	3	5	0	0	0	1	8	11	16	0	0	0	6	0	0	0	0	0	0	0	0	151
128	0	19	9	18	0	3	0	0	0	1	5	54	14	0	0	0	5	0	0	0	0	0	0	0	0	262
4	0	1	2	7	5	0	0	0	0	0	3	26	9	0	0	0	6	0	0	4	0	0	0	0	0	73
3	0	10	1	24	1	0	0	0	0	0	2	34	8	0	0	0	6	0	0	0	0	0	0	0	0	91
76	0	17	14	12	0	1	0	0	0	1	7	17	6	0	0	0	3	0	0	2	0	0	0	0	0	157
13	0	11	3	21	29	2	0	0	0	1	11	25	20	0	0	13	16	0	0	4	0	0	0	0	0	180
4	0	2	0	13	4	1	0	0	0	3	8	28	7	0	0	32	35	1	0	6	0	0	0	0	0	227
273	0	15	15	12	1	6	0	0	0	2	4	29	10	0	0	22	30	3	0	13	0	0	0	0	0	511
34	0	8	1	8	1	3	0	0	21	2	9	17	1	0	0	11	19	15	0	15	0	0	0	0	0	195
17	0	4	5	6	3	1	0	0	11	0	16	8	3	0	0	5	4	6	0	4	0	0	0	0	0	112
47	0	5	5	3	11	5	0	0	3	0	18	14	4	0	0	59	35	11	0	5	0	0	0	0	0	274
0	0	0	1	5	7	3	0	0	3	0	28	32	15	0	0	50	15	9	0	7	0	0	0	0	0	226
32	0	0	0	19	5	3	0	0	25	3	9	18	18	0	0	30	3	32	0	11	0	2	0	0	0	278
182	0	31	31	15	10	2	0	0	27	0	35	27	9	201	0	19	0	11	0	4	0	8	0	0	0	678
8	0	9	4	10	6	2	0	0	23	4	3	11	14	50	0	14	0	4	0	8	0	13	0	0	0	243
8	0	4	0	16	3	0	0	0	27	1	5	18	10	53	0	40	0	3	0	7	1	13	0	0	0	267
169	0	30	21	82	62	2	0	0	26	0	10	107	6	194	0	34	1	7	0	9	153	5	0	0	2	1053
7	0	0	0	13	6	0	1	0	24	2	3	48	29	14	0	4	0	4	0	25	105	6	0	0	0	355
58	0	0	0	21	0	5	1	0	19	0	6	22	20	39	32	4	0	9	0	9	37	13	0	0	2	359
298	0	0	0	57	0	7	9	5	28	0	7	9	15	64	94	15	0	12	1	13	36	12	7	0	0	788
7	0	0	0	26	4	6	7	0	38	0	3	21	19	75	154	28	0	22	22	20	33	11	1	0	0	612
19	0	0	0	28	5	3	5	0	23	5	3	48	21	86	221	29	0	17	172	18	44	5	1	0	15	962
277	0	0	0	17	9	2	17	0	23	3	3	45	32	61	214	19	0	2	130	6	22	4	2	0	32	1053
1	0	0	0	8	7	0	6	10	20	0	5	34	17	63	210	12	0	6	101	2	56	22	0	0	100	749
17	0	0	0	39	11	1	12	22	27	2	21	42	21	77	162	9	0	7	64	19	49	5	3	0	81	799
186	219	0	0	18	7	0	2	2	25	0	27	26	5	38	45	2	0	1	37	7	13	2	0	0	19	734
3	0	0	0	104	9	6	16	52	44	1	52	81	18	148	144	50	0	15	104	9	60	16	0	0	37	1193
47	1	0	0	91	9	0	12	50	39	1	31	26	6	54	77	35	0	14	80	7	60	39	1	0	41	955
162	214	0	0	147	17	5	13	60	87	2	92	98	4	27	75	30	0	18	73	2	28	12	0	0	53	1579