Model3	ModelY	ModelS	ModelX	Leaf	Zoe	i3	IX3	Polestar2	Niro	SOUL	Ioniq	Kona	Etron	ID3	ID4	UP!	Golf	TAYCAN	ENYAQ	EQ	XC40	Peugeot2008	UX	BZ4X	Mach-E	total
0	0	0	0	95	2	1	0	0	0	0	69	0	0	0	0	0	1	0	0	0	0	0	0	0	0	168
0	0	0	0	29	1	4	0	0	0	0	26	0	0	0	0	0	1	0	0	0	0	0	0	0	0	61
0	0	0	0	39	4	0	0	0	0	0	26	0	0	0	0	0	0	0	0	0	0	0	0	0	0	69
0	0	1	0	10	0	1	0	0	0	0	30	0	0	0	0	0	0	0	0	0	0	0	0	0	0	42
0	0	0	0	9	8	2	0	0	0	0	10	0	0	0	0	0	0	0	0	0	0	0	0	0	0	30
0	0	0	0	0	0	0	0	0	0	0	2	0	0	0	0	0	2	0	0	0	0	0	0	0	0	4
0	0	2	0	42	18	3	0	0	0	0	44	0	0	0	0	0	1	0	0	0	0	0	0	0	0	111
0	0	12	5	6	6	0	0	0	0	0	16	0	0	0	0	0	1	0	0	0	0	0	0	0	0	48
0	0	13	5	8	13	0	0	0	0	0	6	0	0	0	0	0	2	0	0	0	0	0	0	0	0	48
0	0	6	2	14	3	1	0	0	0	0	1	0	0	0	0	0	2	0	0	0	0	0	0	0	0	29
0	0	4	0	5	1	0	0	0	0	0	1	0	0	0	0	0	0	0	0	0	0	0	0	0	0	11
0	0	0	0	0	1	0	0	0	0	0	0	0	0	0	0	0	0	0	0	0	0	0	0	0	0	1
0	0	11	1	54	15	4	0	0	0	0	12	0	0	0	0	0	7	0	0	0	0	0	0	0	0	104
0	0	12	7	14	2	4	0	0	0	0	27	0	0	0	0	0	5	0	0	0	0	0	0	0	0	72
0	0	11	3	37	7	10	0	0	0	0	20	0	0	0	0	0	18	0	0	0	0	0	0	0	0	106
0	0	16	5	89	7	6	0	0	0	0	15	0	0	0	0	0	4	0	0	0	0	0	0	0	0	142
0	0	5	3	63	8	1	0	0	0	0	8	0	0	0	0	0	0	0	0	0	0	0	0	0	0	88
0	0	4	1	6	1	1	0	0	0	0	1	0	0	0	0	0	3	0	0	0	0	0	0	0	0	17
0	0	13	9	303	22	6	0	0	0	0	8	0	0	0	0	0	22	0	0	0	0	0	0	0	0	383
0	0	8	1	111	15	17	0	0	0	0	2	0	0	0	0	0	10	0	0	0	0	0	0	0	0	165
0	0	2	3	71	10	7	0	0	0	0	0	0	0	0	0	0	2	0	0	0	0	0	0	0	0	97
0	0	0	1	31	2	0	0	0	0	0	0	0	0	0	0	0	3	0	0	0	0	0	0	0	0	37
0	0	1	0	7	3	0	0	0	0	0	0	1	0	0	0	0	1	0	0	0	0	0	0	0	0	13
0	0	2	1	3	1	0	0	0	0	0	0	1	0	0	0	0	0	0	0	0	0	0	0	0	0	9
0	0	10	3	294	77	36	0	0	0	0	41	302	0	0	0	0	31	0	0	0	0	0	0	0	0	799
0	0	2	2	105	9	33	0	0	0	0	13	119	0	0	0	0	32	0	0	0	0	0	0	0	0	325
0	0	4	1	133	13	13	0	0	1	0	15	93	7	0	0	0	25	0	0	0	0	0	0	0	0	311
0	0	9	3	70	16	14	0	0	5	0	14	124	6	0	0	0	30	0	0	0	0	0	0	0	0	295
0	0	1	1	42	9	3	0	0	7	0	7	77	4	0	0	0	13	0	0	0	0	0	0	0	0	171
0	0	6	4	7	2	1	0	0	2	9	1	13	3	0	0	0	4	0	0	0	0	0	0	0	0	53
0	0	6	8	293	92	15	0	0	51	21	22	169	13	0	0	0	36	0	0	0	0	0	0	0	0	733
0	0	1	2	37	22	4	0	0	2	16	9	52	2	0	0	0	22	0	0	3	0	0	0	0	0	172
13	0	4	0	34	6	10	0	0	0	8	4	20	2	0	0	0	14	0	0	0	0	0	0	0	0	115
23	0	3	7	54	15	5	0	0	4	8	6	79	5	0	0	0	33	0	0	1	0	0	0	0	0	246
131	0	3	3	13	1	1	0	0	0	0	0	34	2	0	0	0	5	0	0	0	0	0	0	0	0	193
20	0	0	0	4	0	0	0	0	0	0	1	4	0	0	0	0	2	0	0	0	0	0	0	0	0	31
49	0	3	4	291	6	35	0	0	72	69	90	194	20	0	0	0	47	0	0	2	0	0	0	0	0	891
147	0	2	1	68	2	7	0	0	12	24	20	59	12	0	0	0	28	0	0	2	0	0	0	0	0	390
138	0	1	0	39	18	6	0	0	21	24	19	43	7	0	0	0	20	0	0	2	0	0	0	0	0	369
13	0	1	0	7	7	0	0	0	2	2	0	12	0	0	0	0	0	0	0	0	0	0	0	0	0	50
50	0	5	1	13	13	2	0	0	16	4	3	11	4	0	0	0	15	0	0	1	0	0	0	0	0	147
7	0	0	0	5	6	0	0	0	6	0	1	4	1	0	0	0	7	1	0	1	0	0	0	0	0	42
45	0	7	3	106	112	13	0	0	109	37	47	72	31	0	0	0	45	14	0	2	0	1	0	0	0	771
27	0	1	0	17	27	2	0	0	65	53	9	35	9	0	0	0	6	6	0	1	0	3	0	0	0	294
162	0	7	6	51	15	8	0	0	52	6	6	56	13	235	0	0	5	3	0	0	0	1	0	0	0	659
37	0	4	3	16	14	1	0	0	33	5	0	9	8	94	0	0	0	0	0	0	0	2	0	0	0	254
4	0	2	0	4	10	0	0	0	5	0	1	2	2	23	0	0	0	0	0	0	0	2	0	0	0	61
45	0	5	0	0	2	0	0	0	0	1	0	0	0	6	0	0	2	0	0	0	0	0	0	0	0	85
7	0	2	1	200	83	18	0	0	122	19	56	96	20	125	0	0	0	3	0	7	0	61	0	0	0	980
171	0	0	0	89	24	3	0	0	100	4	13	26	30	193	0	0	0	28	0	5	0	24	6	0	0	813
148	0	2	0	156	22	5	0	0	48	4	30	75	20	61	411	0	0	5	0	2	0	11	2	0	0	1046
10	0	0	0	29	28	1	0	0	67	5	6	27	27	109	219	0	0	6	0	3	0	11	1	0	0	596
53	0	0	0	10	24	1	0	0	64	3	3	20	13	85	116	0	0	10	26	3	0	11	1	0	0	541
198	0	0	0	5	18	1	0	0	19	1	2	2	6	40	42	0	0	1	11	0	0	1	3	0	0	390
0	0	0	0	113	211	3	0	0	218	16	46	86	32	342	350	0	0	13	85	1	19	47	5	0	0	1902
2	0	0	0	44	42	4	47	0	135	9	39	7	7	142	113	0	0	3	34	0	3	15	0	0	0	831
166	0	0	0	50	15	0	51	0	54	11	34	3	1	98	83	0	0	2	30	0	2	13	0	0	9	775
1	0	0	0	42	1	0	7	0	13	8	14	0	3	61	80	0	0	9	38	0	5	17	0	0	17	522
16	0	0	0	7	0	0	0	0	3	1	2	0	1	21	18	0	0	0	15	0	2	19	0	0	8	195
87	0	0	0	0	0	1	0	0	1	0	2	2	0	2	6	0	0	0	1	0	0	1	0	0	0	118